400689940 6581292
430268163 430313102
253091523 105259389
463952369 279787626
131613362 34428380
252770012 248883350
394263193 461410856
31414569 307458983
253091523 102765423
461410856 83943787
225444667 17868918
254839786 204140367
451250774 72818790
31414569 30971165
2367911 31457243
439788025 57490887
37699718 103598216
447688115 151338729
254839786 430268163
204317520 19358562
151338729 19493072
72818790 250178329
204140367 276577539
307458983 292598082
148519842 27077521
231238695 100581193
158419434 394263193
254839786 83417972
158419434 8088112
134940306 112939321
226629405 257236842
31414569 83032174
131613362 22462180
83417972 107830991
40981798 116036694
297801196 195475105
270449528 17116707
43003845 121533789
8088112 22462180
314316607 34428380
274153775 19705747
236184723 276308596
292598082 259842341
529007327 31331740
83943787 314316607
258140947 17116707
394263193 238201669
46831674 33612973
153226312 314316607
314316607 2367911
270449528 259842341
57490887 225444667
276308596 28465635
43003845 158419434
437804658 394263193
229425177 270449528
297801196 380580781
439788025 88323281
145845459 358775055
107830991 103598216
112939321 197504076
222411742 8088112
439788025 355823615
358775055 34428380
276577539 145845459
57490887 35415466
279787626 117674417
254839786 292598082
88323281 100581193
270449528 222261763
375317198 34428380
252770012 57490887
204317520 153460275
56860418 153226312
204317520 131613362
238201669 203338499
200559228 276308596
258140947 222261763
158419434 37699718
88323281 17675120
22462180 17868918
125120339 153226312
153226312 149538028
153460275 40981798
131613362 430313102
238201669 88097807
282206645 40981798
26929220 279787626
236026868 145845459
299715516 254610699
204317520 265077741
151338729 307458983
172883064 149538028
172883064 70492333
86221475 35148062
206923844 158419434
204317520 238201669
259842341 276706356
270449528 27633075
166214735 158419434
265077741 69592091
88097807 124528830
107830991 37699718
158419434 307458983
157829215 297801196
197504076 17116707
280935165 34428380
155661154 83032174
26929220 40981798
74107696 259842341
28465635 46209291
17627996 40981798
238201669 279787626
74107696 124528830
460282402 34428380
88323281 26929220
157829215 153226312
447688115 17868918
166214735 27633075
74107696 187773078
131613362 204317520
172883064 55033682
439788025 262340283
37270037 40981798
461410856 380580781
67864340 254839786
103598216 160237722
248883350 204140367
40981798 107830991
380580781 280935165
186212304 15150609
413275344 18996905
134940306 204317520
276577539 43003845
153226312 115221382
274153775 288485704
160237722 157829215
380580781 46209291
254839786 56860418
19933035 123371682
31331740 27633075
358775055 145845459
247741328 254610699
21272026 33612973
220368467 43003845
160237722 26929220
172883064 276308596
155661154 17675120
41472982 260705759
314316607 19358562
86221475 123371682
221036078 19493072
197504076 22462180
231238695 31331740
157829215 364971269
88323281 151338729
203338499 33612973
260769396 31331740
276706356 276308596
197504076 239144776
279787626 133055665
257236842 276706356
271602109 40981798
134940306 358775055
236184723 18951737
172883064 461410856
125120339 172883064
213777144 195475105
67864340 274153775
17675120 88323281
67864340 204317520
15150609 27077521
86221475 17116707
160237722 8088112
247741328 83155222
19358562 18951737
236143101 283306479
153226312 196327549
57490887 67864340
312284236 8088112
93224416 30971165
123371682 297801196
394263193 123371682
461410856 43640117
463952369 262340283
439788025 22462180
83943787 252770012
107830991 149538028
430268163 204317520
204317520 56860418
152388029 258140947
153226312 222261763
187773078 43003845
394263193 94621855
461410856 394263193
72680406 11259362
16216637 767809
30690708 5992502
17859804 83876527
17859804 19681661
15465769 22689667
195409031 57261575
4126501 22558481
18109441 11259362
16216637 60607157
25615305 16877939
21734241 46073276
25615305 166002579
6463042 96770886
7712232 17859804
96770886 99211591
4126501 23930272
37977732 16858804
19681661 44436825
21734241 28359405
6463042 28359405
9973842 451331227
18109441 55113
124746917 21734241
46073276 28359405
41048052 14677919
203827751 28359405
19681661 10075442
17342842 17477343
7712232 37977732
46073276 56318573
111615736 83529586
11259362 30690708
21734241 195409031
10075442 15465769
16858804 9503302
9503302 16858804
5533902 9973842
9503302 16877939
15465769 19681661
16216637 14551276
17870886 98976495
17870886 22200888
19681661 18109441
17477343 88974843
16967011 44436825
46073276 17342842
72680406 9973842
22558481 21734241
18109441 767809
25615305 17870886
37977732 44436825
171145913 163937752
57261575 21742517
15465769 9503302
21742517 113415132
9973842 15465769
83876527 9973842
163937752 22689667
79797834 9973842
18758940 96770886
138549366 17859804
19230869 57261575
84111527 203827751
18758940 50944856
44436825 17859804
18758940 6463042
117998529 18758940
4126501 21742517
117998529 96770886
5992502 203827751
17870886 14551276
171145913 96770886
11259362 16216637
16877939 55113
22558481 57261575
6463042 46073276
4126501 23150071
83876527 22689667
46073276 57261575
17870886 11259362
44436825 14677919
44436825 14169740
163937752 37977732
14551276 15465769
117998529 38718720
10075442 22200888
14169740 11259362
93906304 9973842
37977732 5533902
9973842 6127252
30690708 14551276
10075442 20757640
17902348 6127252
17870886 79797834
99211591 96770886
203827751 5992502
111615736 79797834
16877939 17859804
17342842 59557446
27703441 17859804
4126501 23484510
9973842 72680406
11259362 792998
50944856 99211591
46073276 23150071
6127252 79797834
451331227 88974843
117998529 99211591
11259362 9973842
18344173 18758940
84111527 4126501
44436825 83876527
22200888 20583098
41048052 4126501
4126501 5992502
11259362 17870886
195409031 6463042
4126501 14677919
10075442 44436825
16216637 18109441
19681661 55019225
18109441 14677919
9973842 17902348
792998 16877939
16858804 16877939
9973842 138549366
16858804 9973842
792998 2705
99211591 37977732
2705 9503302
767809 10075442
11259362 14169740
2705 557196973
117998529 50944856
11259362 138549366
20583098 17870886
14551276 16858804
23930272 18758940
17870886 18109441
20757640 163937752
163937752 20757640
195409031 5992502
27703441 9973842
203827751 79797834
20583098 17902348
20583098 9973842
14551276 22200888
16967011 17870886
19230869 21734241
14169740 138549366
14169740 23150071
203827751 23483324
25615305 14551276
46073276 23483324
21074641 111615736
44436825 72680406
25615305 9973842
20757640 37977732
17870886 17902348
55113 16858804
37977732 7712232
16216637 20757640
14677919 23483324
79797834 14551276
21074641 21742517
17859804 7712232
38718720 56318573
163937752 22200888
171145913 17902348
99211591 23930272
22689667 792998
17342842 6463042
38718720 37977732
17870886 20757640
10075442 9973842
22200888 9503302
83876527 44436825
9973842 767809
14677919 23484510
55113 83876527
138549366 9973842
20757640 10075442
171145913 14677919
10075442 17870886
203827751 46073276
38718720 79797834
9503302 2705
117998529 41048052
28359405 5992502
52073562 5992502
451331227 17859804
72680406 18109441
16216637 23483324
171145913 14169740
93906304 79797834
17342842 4126501
163937752 44436825
23150071 83876527
111615736 30486243
9503302 14551276
99211591 18758940
19681661 5992502
72680406 23150071
17902348 14551276
174118650 44436825
55113 9973842
163937752 16877939
27703441 18109441
5533902 37977732
21734241 124746917
20583098 25835874
22200888 6127252
171145913 16877939
79797834 17293897
84111527 6463042
22558481 50944856
14551276 2705
23150071 111615736
21734241 14677919
23150071 14169740
83876527 17859804
21074641 14677919
22558481 4126501
14551276 17859804
44436825 174118650
14551276 25615305
19230869 21742517
17870886 20583098
14551276 10075442
113415132 57261575
163937752 25615305
5992502 52073562
203827751 23930272
23930272 17293897
56318573 17342842
59557446 23483324
2705 22689667
163937752 17859804
171145913 25615305
16216637 88974843
2705 9973842
55113 14551276
18109441 16858804
19681661 14169740
349256925 59557446
46073276 6463042
23483324 59557446
6463042 99211591
14169740 10075442
23483324 98976495
99211591 57261575
21074641 258681133
124746917 454423088
111615736 56318573
17859804 14551276
22200888 9973842
6463042 79797834
37977732 20583098
5992502 14677919
451331227 22689667
11259362 17859804
174118650 14677919
22200888 83876527
117998529 14169740
4126501 57261575
11259362 17342842
83876527 46073276
117998529 30486243
6463042 111615736
5533902 10075442
4126501 28359405
25615305 14677919
41048052 6463042
17870886 9503302
20757640 9973842
17902348 18109441
79797834 22879382
195409031 21742517
72680406 22200888
21074641 17342842
50944856 23930272
18758940 23930272
46073276 4126501
17902348 27703441
203827751 17342842
22200888 16967011
20757640 17870886
17477343 30486243
6463042 83876527
14169740 17342842
23484510 79797834
451331227 5533902
21734241 19230869
19681661 11259362
5992502 72680406
50944856 195409031
21742517 21734241
18758940 56318573
18109441 16216637
28359405 124746917
17342842 19681661
38718720 30486243
79797834 23483324
16216637 19681661
37977732 99211591
5992502 19681661
30690708 14677919
27703441 37977732
23930272 46073276
22689667 451331227
14169740 19681661
23483324 46073276
17902348 20583098
6463042 57261575
83876527 17342842
44436825 16216637
37977732 79797834
171145913 60607157
2705 98976495
17859804 451331227
38718720 96770886
17902348 25615305
16858804 14551276
171145913 37977732
96770886 50944856
99211591 38718720
17342842 138549366
21074641 56318573
19681661 17859804
46073276 52073562
44436825 55019225
96770886 21074641
25615305 22200888
16216637 17902348
37977732 93906304
18109441 14551276
57261575 124746917
17342842 5992502
155613846 14677919
20583098 16216637
46073276 50944856
20757640 5533902
19230869 195409031
124746917 21742517
117998529 79797834
9503302 22689667
56318573 38718720
96770886 84111527
44436825 55113
18109441 17870886
124746917 57261575
22689667 37977732
93906304 37977732
25615305 2705
23150071 56318573
17342842 203827751
171145913 9973842
5992502 28359405
11259362 44436825
451331227 22200888
17870886 9973842
21734241 56318573
44436825 10075442
21074641 72680406
7712232 17870886
23150071 52073562
6127252 2705
16216637 11259362
25615305 17902348
22689667 22200888
50944856 57261575
203827751 4126501
15465769 83876527
124746917 14677919
25615305 93906304
7712232 17902348
57261575 50944856
16216637 22200888
5992502 17342842
9973842 117998529
30486243 111615736
17342842 83876527
88974843 14677919
17902348 171145913
23484510 23483324
16877939 14551276
46073276 72680406
15465769 72680406
9973842 16858804
171145913 18758940
14169740 46073276
18109441 30690708
19681661 27703441
22879382 93906304
19681661 17342842
11259362 22689667
37977732 14551276
37977732 22689667
792998 22689667
83876527 19681661
6463042 23930272
16877939 10075442
17902348 17870886
23150071 17342842
37977732 38718720
17342842 28359405
21742517 195409031
25835874 35476618
17342842 79797834
117998529 21742517
50944856 21742517
22689667 17859804
30486243 50944856
17902348 9503302
138549366 14169740
20757640 11259362
22689667 83876527
4126501 83876527
83876527 11259362
41048052 50944856
23150071 18758940
60607157 2705
195409031 203827751
96770886 38718720
55113 16877939
25615305 18109441
11259362 14677919
11259362 72680406
17342842 72680406
55113 15465769
9973842 79797834
6127252 9973842
83876527 55113
203827751 111615736
117998529 171145913
18109441 83876527
19681661 46073276
21742517 57261575
17870886 55113
10075442 5533902
30486243 96770886
4126501 203827751
22689667 19681661
21074641 28359405
16967011 18109441
96770886 18758940
17859804 17870886
59557446 14677919
17870886 14677919
41048052 83529586
17859804 9503302
25615305 767809
25615305 55113
19681661 138549366
20757640 17902348
72680406 21074641
44436825 163937752
10075442 22689667
9973842 17870886
17902348 7712232
17870886 16967011
23930272 99211591
11259362 5992502
451331227 138549366
46073276 23930272
113415132 28359405
18109441 9973842
17902348 17859804
88974843 59557446
46073276 14677919
56318573 113415132
56318573 4126501
14169740 18109441
4126501 30486243
792998 83876527
83876527 72680406
14677919 59557446
18109441 25615305
117998529 137355085
18109441 17859804
113415132 21734241
41048052 56318573
23484510 59557446
138549366 19681661
17870886 451331227
17902348 20757640
25615305 20757640
84111527 56318573
46073276 22558481
14169740 22689667
44436825 138549366
451331227 83876527
203827751 138549366
5992502 83876527
83876527 23930272
5992502 14169740
10075442 20583098
46073276 195409031
14551276 18109441
14169740 22200888
5533902 25615305
50944856 41048052
25615305 37977732
83876527 98976495
84111527 23930272
15465769 10075442
23483324 203827751
28359405 17342842
16967011 25615305
56318573 14677919
25835874 20583098
14169740 83876527
37977732 20757640
23150071 79797834
20583098 10075442
17870886 83876527
56318573 46073276
25615305 9503302
18109441 16967011
17477343 2705
18109441 19681661
17870886 17859804
17870886 22689667
22200888 14169740
96770886 6463042
23930272 30486243
20757640 25615305
792998 9973842
10075442 767809
14169740 79797834
14169740 44436825
9973842 22200888
2705 792998
203827751 98976495
83876527 5992502
6463042 17293897
72680406 14169740
117998529 83529586
46073276 14169740
57261575 195409031
117998529 23930272
9973842 20757640
17859804 9973842
195409031 99211591
11259362 18109441
83876527 117998529
98976495 203827751
11259362 55019225
124746917 46073276
14551276 79797834
17859804 25615305
30486243 21074641
18109441 27703441
55113 451331227
174118650 138549366
16216637 9973842
17342842 155613846
16216637 557196973
5533902 14551276
10075442 83876527
203827751 14677919
72680406 83876527
38718720 99211591
18344173 5992502
84111527 99211591
22558481 203827751
19681661 22200888
46073276 124746917
83876527 22200888
25615305 155613846
203827751 124746917
163937752 55019225
59557446 46073276
16967011 79797834
98976495 83876527
14551276 9973842
99211591 50944856
22200888 15465769
55113 17870886
72680406 46073276
99211591 79797834
17870886 10075442
10075442 14169740
23483324 79797834
203827751 83876527
19681661 16216637
22200888 767809
83876527 18109441
19681661 60607157
21742517 124746917
14169740 72680406
9973842 5533902
163937752 17477343
22200888 11259362
16216637 44436825
25615305 55019225
72680406 19681661
46073276 23484510
79797834 30204310
96770886 46073276
19230869 203827751
30486243 18758940
5992502 21734241
14677919 17293897
72680406 138549366
10075442 16877939
21074641 203827751
99211591 195409031
28359405 83876527
20583098 22200888
20757640 20583098
6463042 50944856
83876527 14169740
16877939 9973842
14169740 9973842
22200888 55113
15465769 17870886
46073276 203827751
44436825 79797834
14551276 14677919
124746917 50944856
9973842 9503302
19681661 15465769
21074641 4126501
21742517 6463042
9973842 7712232
21742517 50944856
22200888 17902348
11259362 83876527
99211591 4126501
22200888 17859804
203827751 72680406
117998529 17342842
138549366 11259362
20583098 20757640
11259362 17902348
17870886 6127252
96770886 23930272
14551276 20757640
17859804 792998
22689667 55113
83876527 23150071
22689667 25615305
9973842 44436825
10075442 14551276
21074641 124746917
23483324 23484510
6463042 18758940
22689667 10075442
22200888 451331227
83876527 203827751
46073276 138549366
174118650 83876527
21074641 83529586
117998529 155613846
30486243 17477343
17902348 16216637
44436825 46073276
17859804 55113
16216637 17870886
111615736 14677919
11259362 19681661
14169740 117998529
138549366 25615305
14551276 16877939
16967011 55019225
111615736 38718720
83876527 10075442
22200888 19681661
18758940 99211591
56318573 30486243
4126501 195409031
21742517 5992502
30690708 79797834
22200888 5533902
163937752 30690708
124746917 203827751
5533902 20757640
46073276 83876527
55113 44436825
17902348 37977732
16858804 37977732
171145913 14551276
72680406 15465769
25615305 16858804
16216637 55113
23150071 5992502
163937752 14551276
56318573 6463042
17870886 15465769
5992502 124746917
72680406 17342842
41048052 21742517
93906304 111615736
4126501 17342842
25615305 5533902
23150071 46073276
44436825 16967011
22879382 79797834
21742517 17293897
46073276 99211591
50944856 6463042
4126501 124746917
16216637 17859804
22558481 14677919
11259362 25615305
9973842 2705
19681661 83876527
16216637 166002579
9973842 17859804
22558481 46073276
14551276 5533902
17902348 11259362
99211591 83876527
11259362 18344173
9973842 83876527
83876527 28359405
55113 22200888
23930272 96770886
6463042 56318573
9973842 16877939
22200888 44436825
93906304 14551276
17859804 138549366
30690708 11259362
117998529 37977732
55113 22689667
5992502 23150071
6463042 83529586
17902348 792998
59557446 23484510
22200888 17870886
46073276 59557446
17342842 17293897
792998 6127252
9973842 14169740
117998529 44436825
6463042 17342842
99211591 46073276
14169740 52073562
113415132 195409031
203827751 195409031
18109441 14169740
4126501 41048052
4126501 6463042
17342842 23150071
83876527 349256925
16877939 37977732
20757640 14551276
16216637 98976495
55113 17859804
9503302 25615305
79797834 37977732
83876527 15465769
7712232 10075442
11259362 55113
23150071 28359405
23483324 14677919
5533902 27703441
11259362 22200888
27703441 6127252
14169740 17859804
25835874 38718720
195409031 124746917
46073276 291476217
16216637 20583098
17477343 14551276
96770886 30486243
25615305 11259362
44436825 9973842
56318573 111615736
22558481 6463042
84111527 96770886
19681661 9973842
9973842 11259362
25615305 16967011
41048052 21734241
98976495 23483324
44436825 17342842
171145913 79797834
14551276 37977732
44436825 37977732
30486243 117998529
11259362 79797834
55113 17293897
17902348 9973842
84111527 17342842
117998529 111615736
451331227 9973842
451331227 10075442
9973842 10075442
17902348 22200888
203827751 21734241
117998529 57261575
93906304 83876527
30690708 163937752
79797834 93906304
23483324 17293897
41048052 38718720
451331227 55113
30486243 38718720
171145913 6463042
14551276 9503302
18109441 72680406
5992502 46073276
5992502 21742517
21074641 30486243
203827751 57261575
349256925 83876527
11259362 20757640
44436825 11259362
16877939 79797834
22200888 20757640
19230869 113415132
124746917 195409031
17859804 22200888
25615305 22689667
28359405 203827751
99211591 6463042
25615305 17477343
21074641 46073276
22689667 9973842
46073276 96770886
111615736 23483324
38718720 41048052
4126501 46073276
767809 9973842
163937752 17902348
23930272 50944856
25615305 88974843
195409031 21734241
93906304 22879382
11259362 88974843
57261575 21734241
23150071 138549366
72680406 44436825
9503302 7712232
4126501 38718720
22200888 10075442
113415132 21742517
99211591 17293897
17859804 16877939
17342842 291476217
46073276 30486243
19230869 28359405
16216637 22689667
14169740 5992502
163937752 55113
18109441 17902348
30690708 18109441
6127252 5533902
17477343 17342842
21734241 57261575
15465769 22200888
7712232 9973842
50944856 46073276
38718720 4126501
17870886 17293897
17477343 14677919
20757640 16216637
17902348 163937752
9973842 20583098
349256925 14677919
23150071 14677919
171145913 17293897
163937752 9973842
41048052 28359405
30204310 14677919
16877939 9503302
124746917 28359405
20583098 37977732
30204310 79797834
11259362 451331227
52073562 14169740
9503302 17870886
55113 88974843
22200888 79797834
44436825 19681661
17859804 11259362
44436825 22200888
14169740 14677919
17342842 14169740
16877939 16858804
138549366 44436825
79797834 111615736
10075442 72680406
22200888 72680406
37977732 16877939
21074641 96770886
23484510 14677919
9973842 14551276
19681661 72680406
50944856 124746917
14551276 17870886
17477343 155613846
23150071 72680406
83876527 17870886
30486243 6463042
46073276 5992502
18109441 79797834
83876527 59557446
6127252 17870886
17859804 44436825
21734241 203827751
18109441 2705
22689667 9503302
15465769 9973842
44436825 18109441
38718720 111615736
56318573 18758940
17859804 22689667
9973842 22689667
138549366 174118650
17342842 56318573
83876527 174118650
22200888 27703441
22689667 17870886
138549366 22200888
163937752 16858804
22200888 22689667
6463042 21742517
195409031 50944856
11259362 27703441
41048052 113415132
22200888 14551276
84111527 50944856
17870886 5533902
17859804 17902348
9973842 55113
21074641 6463042
163937752 171145913
17859804 18109441
20757640 22200888
17870886 7712232
18109441 44436825
46073276 21734241
21734241 113415132
195409031 113415132
15465769 14551276
17342842 46073276
6463042 30486243
15465769 55113
22200888 138549366
16216637 14169740
46073276 113415132
57261575 203827751
7712232 9503302
124746917 5992502
7712232 22689667
72680406 5992502
236575672 82030021
17037417 28149277
111164068 29514951
94918917 131601987
159629146 90722891
131601987 90779436
22784458 90722891
17037417 29514951
191620115 15999863
159629146 22784458
17037417 22784458
146556805 131601987
111164068 17037417
118811608 95980722
131601987 191620115
95980722 82030021
104155395 111164068
51477206 29514951
118811608 82030021
15999863 111164068
22784458 28149277
159629146 131601987
15999863 236575672
95980722 28149277
191620115 111164068
22784458 159629146
90722891 28149277
104155395 15999863
146556805 90779436
15999863 131601987
101903164 14683518
82030021 131601987
146556805 28149277
104155395 146556805
29514951 17037417
95980722 131601987
34805698 118811608
159629146 236575672
146556805 82030021
95980722 22784458
118811608 22784458
236575672 28149277
111164068 34805698
191620115 146556805
131601987 28149277
17037417 131601987
90779436 95980722
90779436 94918917
82030021 28149277
191620115 176872879
95980722 191620115
29514951 14683518
111164068 94918917
111164068 90722891
51477206 82030021
111164068 101903164
14683518 131601987
82030021 29514951
15999863 118811608
22784458 111164068
15999863 29514951
146556805 22784458
22784458 90779436
29514951 176872879
22784458 146556805
82030021 104155395
104155395 95980722
95980722 90779436
159629146 14683518
29514951 131601987
111164068 104155395
90779436 22784458
90722891 159629146
159629146 29514951
17037417 159629146
14683518 17037417
90779436 111164068
131601987 94918917
104155395 90779436
131601987 95980722
90779436 146556805
90779436 28149277
94918917 22784458
111164068 159629146
159629146 17037417
131601987 51477206
101903164 15999863
176872879 101903164
90722891 176872879
34805698 29514951
159629146 15999863
90779436 82030021
111164068 90779436
95980722 90722891
90722891 111164068
90722891 22784458
236575672 111164068
111164068 191620115
34805698 101903164
29514951 191620115
131601987 29514951
95980722 51477206
94918917 111164068
51477206 95980722
82030021 15999863
94918917 90779436
94918917 95980722
159629146 176872879
236575672 131601987
95980722 94918917
131601987 17037417
29514951 15999863
22784458 95980722
111164068 15999863
29514951 34805698
95980722 146556805
29514951 111164068
14683518 82030021
29514951 118811608
15999863 28149277
22784458 104155395
118811608 90722891
146556805 29514951
131601987 146556805
14683518 191620115
51477206 22784458
131601987 111164068
159629146 118811608
176872879 14683518
104155395 191620115
101903164 176872879
29514951 236575672
95980722 104155395
111164068 236575672
118811608 34805698
118811608 176872879
95980722 29514951
191620115 82030021
118811608 29514951
176872879 29514951
22784458 131601987
90722891 29514951
131601987 159629146
14683518 111164068
191620115 28149277
104155395 82030021
95980722 111164068
118811608 101903164
29514951 101903164
159629146 28149277
131601987 104155395
82030021 191620115
101903164 29514951
104155395 28149277
90779436 131601987
17037417 14683518
191620115 22784458
111164068 146556805
111164068 95980722
111164068 51477206
104155395 131601987
29514951 22784458
159629146 101903164
90722891 34805698
111164068 22784458
22784458 17037417
104155395 22784458
131601987 82030021
111164068 131601987
111164068 176872879
82030021 111164068
159629146 82030021
22784458 191620115
14683518 22784458
146556805 111164068
29514951 28149277
191620115 95980722
111164068 28149277
104155395 90722891
159629146 111164068
29514951 159629146
15999863 191620115
29514951 82030021
159629146 34805698
236575672 22784458
111164068 82030021
14683518 28149277
131601987 90722891
131601987 22784458
15999863 101903164
191620115 236575672
22784458 51477206
104155395 94918917
51477206 111164068
90779436 191620115
14683518 159629146
34805698 176872879
51477206 28149277
118811608 131601987
104155395 51477206
22784458 29514951
176872879 118811608
22784458 94918917
159629146 191620115
191620115 131601987
111164068 118811608
51477206 131601987
90722891 101903164
28144741 37876253
293353298 14683518
28144741 293353298
293353298 37876253
239257866 14683518
14683518 14876672
14683518 486930916
29514951 14683518
14683518 293353298
239257866 101859065
263907906 101859065
29514951 101859065
101859065 14683518
293353298 101859065
29514951 15999863
14683518 37876253
263907906 176872879
293353298 176872879
15999863 29514951
29514951 176872879
23152989 14683518
263907906 29514951
293353298 486930916
486930916 29514951
29514951 28144741
23152989 14876672
176872879 101859065
29514951 37876253
28144741 486930916
101859065 29514951
29514951 293353298
176872879 14683518
14683518 28144741
101859065 176872879
293353298 28144741
293353298 14876672
14683518 239257866
29514951 14876672
14876672 293353298
101859065 15999863
176872879 29514951
293353298 15999863
293353298 29514951
15999863 101859065
14876672 14683518
37876253 293353298
239257866 29514951
345707398 28144741
28144741 29514951
14876672 23152989
37876253 28144741
203623462 61065794
301695120 102364313
211670208 37008705
112819301 352035443
102364313 250849104
21146135 19153742
211670208 161788974
147946019 54581743
235163686 22440364
54611487 34507480
243836182 164422299
27772095 22592948
328158079 61065794
143838260 58309829
135268094 222802532
161788974 23375688
164422299 25970331
222802532 19383317
230505689 61065794
100318079 70492333
61065794 34507480
206416476 15460081
20271494 22440364
169504184 22592948
235163686 206416476
169504184 61065794
61065794 203623462
164422299 16824090
115525090 211670208
37008705 54611487
29654458 25970331
37008705 58309829
26649453 14425825
421412483 243227325
240944206 63808966
169504184 16895295
301695120 112819301
143838260 161788974
243273954 34507480
169504184 15460081
250849104 14425825
147946019 25970331
206416476 61065794
226516599 27772095
25970331 206416476
163274846 111990504
408060505 203623462
211670208 230505689
301695120 309765553
27772095 20271494
250849104 161788974
27090278 15460081
147946019 206416476
225488317 421412483
112819301 27772095
421412483 15460081
243273954 37008705
148081553 211670208
243836182 25970331
197090502 14425825
61065794 197090502
20271494 27772095
58309829 14425825
352035443 112819301
69373005 301695120
243227325 148081553
112819301 301695120
115525090 14425825
58309829 48504743
226516599 102364313
243227325 16895295
34507480 301695120
225488317 34507480
112819301 26649453
302936475 243227325
61065794 250849104
328158079 63808966
328158079 22592948
480595611 22440364
40968863 37008705
163274846 34270956
164422299 22592948
309765553 58309829
112819301 250849104
48504743 2883841
325054079 26649453
163274846 126470482
181288376 16895295
61065794 250988604
408060505 22592948
328158079 16895295
58309829 16824090
112819301 37008705
243836182 27772095
164422299 29654458
203623462 408060505
164422299 34507480
226516599 197090502
34507480 16824090
480595611 181288376
27772095 19383317
408060505 480595611
328158079 40968863
203623462 25970331
164422299 181288376
226516599 37008705
181288376 16824090
181288376 20271494
171704225 23375688
22592948 25970331
58309829 22440364
158526208 309765553
161788974 143838260
243227325 25970331
211670208 480595611
243227325 226516599
421412483 325054079
352035443 22440364
148081553 143838260
206416476 37008705
29654458 19383317
240944206 243273954
22592948 27772095
147946019 27772095
240944206 25970331
161788974 112819301
240944206 22592948
19153742 21146135
54611487 40968863
158526208 15460081
54611487 37008705
225488317 23375688
102364313 37008705
61065794 102364313
40968863 14425825
408060505 37008705
102364313 58309829
25970331 61065794
37008705 19383317
421412483 243273954
243227325 206416476
211670208 164422299
211670208 192023970
147946019 14425825
61065794 206416476
226516599 171704225
27090278 37008705
421412483 22592948
61065794 230505689
54611487 339373057
211670208 181288376
115525090 164422299
22592948 37008705
21146135 100318079
70492333 193593048
54581743 54611487
25970331 176222605
169504184 40968863
206416476 143838260
61065794 23375688
225488317 58309829
243836182 23375688
25970331 197090502
25970331 27772095
211670208 244719623
61065794 169504184
240944206 37008705
421412483 16824090
54581743 63808966
480595611 225488317
14425825 27772095
63808966 16895295
63808966 339373057
112819301 325054079
408060505 225488317
115525090 147946019
22440364 15460081
58309829 206416476
421412483 27772095
192023970 22592948
15460081 203623462
25970331 171704225
15460081 22440364
302936475 226516599
181288376 14425825
181288376 63808966
15460081 14425825
164422299 421412483
352035443 58309829
408060505 421412483
20271494 34507480
250988604 335678635
112819301 244719623
164422299 147946019
40968863 169504184
197090502 22592948
480595611 147946019
301695120 69373005
250849104 58309829
250849104 15460081
40968863 22440364
102364313 22592948
197090502 301695120
40968863 27090278
19383317 34507480
61065794 29654458
148081553 63808966
54581743 22592948
58309829 25970331
301695120 37008705
192023970 181288376
169504184 19153742
250849104 22592948
20271494 15460081
54611487 22592948
2883841 58309829
206416476 22592948
211670208 102364313
54611487 63808966
112819301 243273954
143838260 29654458
54581743 15460081
301695120 250988604
63808966 34507480
29654458 79817691
352035443 61065794
58309829 19383317
27772095 22440364
192023970 20271494
115525090 23375688
302936475 25970331
250849104 25970331
102364313 34507480
240944206 161788974
143838260 148081553
192023970 27772095
102364313 21146135
250849104 20271494
115525090 79817691
143838260 244719623
25970331 102364313
25970331 235163686
69373005 37008705
34270956 163274846
69373005 203623462
147946019 48504743
147946019 37008705
164422299 352035443
243273954 14425825
302936475 161788974
70492333 54611487
250849104 63808966
148081553 243836182
301695120 243227325
147946019 22592948
63808966 27772095
250849104 16895295
27772095 2883841
352035443 206416476
115525090 243273954
408060505 14425825
203623462 169504184
211670208 328158079
19153742 16895295
352035443 25970331
61065794 161788974
158526208 19383317
206416476 302936475
61065794 226516599
61065794 211670208
235163686 37008705
102364313 203623462
143838260 22440364
158526208 339373057
181288376 19383317
206416476 34507480
143838260 243227325
143838260 164422299
181288376 112819301
192023970 211670208
148081553 54611487
244719623 15460081
301695120 14425825
112819301 22440364
243227325 164422299
197090502 250988604
480595611 206416476
480595611 22592948
148081553 25970331
197090502 25970331
22440364 27772095
25970331 26649453
206416476 421412483
211670208 26649453
250849104 23375688
181288376 192023970
226516599 29654458
27772095 26649453
109698612 339373057
328158079 15460081
211670208 243836182
408060505 22440364
135268094 109698612
480595611 112819301
164422299 230505689
243836182 58309829
112819301 29654458
480595611 27772095
211670208 171704225
147946019 19383317
203623462 15460081
421412483 203623462
421412483 61065794
164422299 27772095
19383317 15460081
21146135 34270956
25970331 244719623
143838260 112819301
226516599 164422299
243227325 352035443
25970331 352035443
69373005 14425825
25970331 22440364
40968863 148081553
25970331 164422299
352035443 22592948
58309829 2883841
25970331 161788974
16824090 34507480
27090278 208105146
421412483 206416476
181288376 148081553
27090278 25970331
40968863 54611487
243227325 61065794
164422299 161788974
164422299 243227325
22592948 34507480
325054079 25970331
143838260 25592034
193593048 15460081
211670208 25970331
120599128 100318079
222802532 25970331
120599128 333011515
328158079 14425825
63808966 143838260
22592948 22440364
206416476 225488317
70492333 40968863
147946019 58309829
181288376 61065794
25970331 69373005
421412483 26649453
421412483 352035443
147946019 22440364
54611487 148081553
143838260 171704225
226516599 22440364
352035443 211670208
480595611 25970331
211670208 352035443
192023970 22440364
250849104 102364313
34507480 37008705
480595611 408060505
243273954 164422299
25970331 480595611
258490941 111990504
206416476 480595611
258490941 21146135
192023970 63808966
192023970 197090502
226516599 16895295
302936475 328158079
148081553 181288376
328158079 16824090
181288376 22440364
54611487 14425825
34507480 15460081
181288376 197090502
25970331 147946019
112819301 421412483
37008705 34507480
309765553 158526208
63808966 15460081
25970331 148081553
25970331 54581743
408060505 34507480
243273954 22592948
164422299 143838260
19383317 20271494
25970331 243273954
192023970 23375688
26649453 22592948
61065794 26649453
243227325 22440364
163274846 23375688
112819301 164422299
147946019 161788974
164422299 250849104
21146135 2883841
206416476 25970331
58309829 23375688
25970331 14425825
301695120 164422299
243273954 19383317
63808966 211670208
243227325 37008705
250849104 211670208
27772095 15460081
54611487 54581743
421412483 147946019
25970331 421412483
148081553 328158079
25970331 37008705
34507480 27772095
48504743 58309829
169504184 243273954
197090502 27772095
240944206 15460081
115525090 148081553
480595611 58309829
226516599 34507480
58309829 27772095
112819301 243227325
25970331 325054079
250849104 27772095
226516599 181288376
352035443 147946019
163274846 135268094
70492333 100318079
225488317 25970331
197090502 226516599
69373005 15460081
169504184 69373005
61065794 181288376
54611487 29654458
169504184 211670208
143838260 40968863
19153742 19383317
54611487 25970331
169504184 25970331
161788974 164422299
206416476 112819301
243227325 171704225
34507480 14425825
301695120 61065794
181288376 211670208
408060505 169504184
181288376 250988604
102364313 143838260
169504184 421412483
143838260 325054079
192023970 19383317
111990504 135268094
15460081 22592948
480595611 61065794
25970331 54611487
27772095 34507480
164422299 61065794
421412483 164422299
352035443 63808966
352035443 14425825
169504184 408060505
19383317 22440364
302936475 206416476
169504184 225488317
34270956 19153742
112819301 23375688
328158079 58309829
19383317 37008705
192023970 203623462
480595611 63808966
15460081 25970331
225488317 112819301
169504184 102364313
164422299 26649453
115525090 22592948
193593048 70492333
100318079 120599128
169504184 58309829
250849104 301695120
301695120 63808966
243227325 421412483
197090502 37008705
26649453 25970331
25970331 112819301
147946019 143838260
158526208 34507480
61065794 243836182
61065794 14425825
206416476 58309829
143838260 15460081
421412483 211670208
169504184 29654458
222802532 21146135
235163686 148081553
112819301 15460081
69373005 211670208
192023970 25970331
147946019 15460081
34507480 206416476
243836182 211670208
54581743 27772095
421412483 225488317
240944206 22440364
143838260 102364313
181288376 169504184
301695120 22440364
69373005 169504184
235163686 61065794
309765553 16895295
169504184 112819301
421412483 63808966
54611487 147946019
61065794 243227325
27772095 25970331
27772095 58309829
25970331 301695120
301695120 250849104
240944206 181288376
243836182 302936475
22592948 14425825
61065794 143838260
34270956 301695120
19153742 2883841
243836182 161788974
192023970 14425825
211670208 301695120
40968863 203623462
203623462 40968863
226516599 143838260
54581743 25970331
54611487 23375688
112819301 243836182
301695120 211670208
211670208 112819301
61065794 148081553
235163686 25970331
61065794 22440364
333011515 342221618
164422299 112819301
158526208 22440364
16824090 19383317
243836182 112819301
34507480 243836182
34507480 19383317
408060505 25970331
61065794 352035443
135268094 16895295
63808966 22440364
26649453 29654458
339373057 158526208
226516599 61065794
197090502 61065794
226516599 22592948
192023970 15460081
40968863 143838260
250849104 148081553
164422299 408060505
148081553 230505689
250849104 143838260
58309829 15460081
27772095 37008705
25970331 250849104
197090502 15460081
226516599 15460081
161788974 211670208
61065794 19383317
302936475 211670208
226516599 148081553
29654458 26649453
333011515 120599128
328158079 211670208
70492333 54581743
193593048 19383317
63808966 23375688
169504184 226516599
102364313 61065794
164422299 37008705
250849104 206416476
226516599 243227325
243227325 22592948
235163686 22592948
328158079 27772095
26649453 16824090
211670208 203623462
226516599 211670208
148081553 243227325
63808966 14425825
126470482 23375688
250849104 37008705
163274846 21146135
25970331 225488317
22592948 15460081
19383317 16824090
102364313 211670208
26649453 27772095
143838260 26649453
54611487 70492333
181288376 22592948
69373005 23375688
226516599 250849104
339373057 22440364
301695120 197090502
161788974 25970331
102364313 169504184
243273954 20271494
192023970 37008705
181288376 37008705
63808966 181288376
235163686 240944206
181288376 25970331
222802532 16895295
135268094 100318079
226516599 63808966
192023970 16895295
25970331 25592034
40968863 16895295
211670208 143838260
135268094 163274846
40968863 421412483
102364313 206416476
226516599 301695120
112819301 61065794
211670208 69373005
61065794 37008705
197090502 22440364
225488317 480595611
225488317 37008705
111990504 163274846
27090278 34507480
112819301 480595611
421412483 244719623
171704225 22592948
342221618 333011515
243227325 302936475
69373005 19383317
211670208 169504184
244719623 25970331
211670208 226516599
309765553 21146135
258490941 15460081
161788974 15460081
27090278 22592948
250849104 22440364
480595611 211670208
192023970 58309829
352035443 34507480
143838260 147946019
14425825 15460081
243273954 206416476
230505689 115525090
301695120 148081553
37008705 22440364
25970331 211670208
211670208 15460081
243227325 211670208
102364313 301695120
143838260 243836182
240944206 302936475
211670208 61065794
112819301 58309829
27090278 27772095
328158079 23375688
181288376 240944206
226516599 328158079
58309829 20271494
328158079 226516599
115525090 22440364
164422299 15460081
328158079 25592034
421412483 37008705
480595611 15460081
421412483 25970331
61065794 240944206
147946019 34507480
14425825 22592948
148081553 301695120
161788974 58309829
243273954 25970331
235163686 23375688
211670208 148081553
226516599 169504184
243227325 203623462
240944206 164422299
16824090 25970331
301695120 15460081
16824090 23375688
14425825 25970331
197090502 26649453
225488317 15460081
328158079 22440364
25970331 226516599
421412483 22440364
421412483 226516599
206416476 161788974
37008705 27772095
193593048 25970331
102364313 25970331
211670208 250849104
421412483 171704225
197090502 206416476
143838260 250849104
54581743 147946019
40968863 23375688
211670208 408060505
164422299 176222605
222802532 23375688
25970331 302936475
169504184 193593048
102364313 69373005
211670208 63808966
169504184 79817691
258490941 222802532
208105146 40968863
158526208 20271494
148081553 61065794
243227325 250849104
63808966 37008705
69373005 243273954
161788974 61065794
112819301 161788974
25970331 192023970
25970331 143838260
243836182 148081553
206416476 243273954
54611487 158526208
243227325 14425825
69373005 25970331
339373057 15460081
14425825 37008705
197090502 112819301
240944206 27772095
48504743 25970331
34507480 25970331
147946019 250849104
301695120 181288376
115525090 15460081
22440364 37008705
235163686 143838260
421412483 181288376
301695120 34507480
243836182 61065794
25970331 19383317
171704225 27772095
148081553 54581743
115525090 328158079
143838260 206416476
421412483 112819301
421412483 408060505
40968863 328158079
480595611 34507480
328158079 48504743
63808966 61065794
206416476 147946019
63808966 22592948
408060505 15460081
143838260 20271494
211670208 197090502
206416476 250849104
250849104 147946019
243273954 58309829
25970331 22592948
243836182 143838260
143838260 181288376
328158079 302936475
27090278 40968863
19383317 27772095
208105146 27090278
112819301 211670208
143838260 34507480
61065794 25970331
235163686 63808966
226516599 302936475
309765553 48504743
25970331 58309829
181288376 226516599
63808966 148081553
408060505 211670208
63808966 25970331
115525090 27772095
112819301 226516599
169504184 27772095
161788974 206416476
135268094 19383317
208105146 158526208
230505689 25970331
2883841 34507480
243836182 34507480
61065794 79817691
115525090 230505689
226516599 112819301
328158079 25970331
25970331 20271494
181288376 58309829
143838260 25970331
328158079 69373005
226516599 14425825
148081553 226516599
34507480 58309829
111990504 19383317
143838260 19383317
208105146 258490941
15460081 34507480
339373057 14425825
243227325 15460081
301695120 203623462
203623462 69373005
61065794 15460081
27772095 14425825
100318079 21146135
169504184 181288376
164422299 206416476
161788974 243836182
243836182 206416476
243227325 27772095
102364313 63808966
54581743 22440364
15460081 20271494
63808966 58309829
206416476 102364313
243227325 112819301
143838260 16895295
37008705 63808966
112819301 197090502
54611487 22440364
158526208 25970331
352035443 37008705
302936475 164422299
243273954 15460081
22440364 25970331
181288376 15460081
115525090 37008705
63808966 301695120
211670208 115525090
222802532 15460081
164422299 243273954
40968863 15460081
22440364 22592948
421412483 40968863
192023970 34507480
148081553 40968863
309765553 15460081
135268094 21146135
34507480 20271494
193593048 23375688
243836182 22440364
112819301 20271494
230505689 211670208
421412483 480595611
339373057 34507480
243273954 147946019
203623462 243227325
34270956 135268094
164422299 211670208
171704225 15460081
197090502 181288376
61065794 63808966
480595611 23375688
243273954 143838260
25970331 203623462
203623462 211670208
37008705 22592948
115525090 29654458
352035443 27772095
143838260 226516599
161788974 22440364
112819301 34507480
19383317 25970331
135268094 111990504
226516599 230505689
143838260 23375688
171704225 211670208
143838260 22592948
240944206 61065794
211670208 79817691
102364313 181288376
328158079 37008705
2883841 16824090
135268094 2883841
143838260 14425825
250849104 243227325
40968863 63808966
309765553 301695120
243836182 15460081
135268094 23375688
111990504 20271494
243273954 27772095
197090502 143838260
40968863 26649453
309765553 63808966
250849104 164422299
112819301 22592948
301695120 25970331
112819301 206416476
143838260 27772095
211670208 302936475
243273954 169504184
240944206 148081553
408060505 63808966
206416476 243227325
19383317 23375688
27090278 23375688
34507480 22440364
301695120 192023970
143838260 16824090
352035443 15460081
34507480 225488317
243273954 102364313
181288376 143838260
250849104 16824090
258490941 208105146
112819301 225488317
14425825 22440364
325054079 244719623
19383317 29654458
169504184 23375688
34507480 79817691
243227325 325054079
58309829 34507480
34507480 112819301
408060505 27772095
206416476 243836182
54581743 70492333
243227325 143838260
143838260 63808966
243836182 37008705
37008705 25970331
206416476 23375688
34507480 339373057
54581743 148081553
408060505 243227325
193593048 34507480
164422299 22440364
250849104 61065794
301695120 226516599
147946019 243273954
339373057 63808966
25970331 29654458
206416476 211670208
169504184 26649453
25970331 408060505
112819301 169504184
25970331 16824090
164422299 301695120
115525090 63808966
135268094 63808966
37008705 27090278
243227325 408060505
333011515 339373057
20271494 23375688
169504184 37008705
143838260 211670208
225488317 206416476
25970331 34507480
22440364 14425825
58309829 22592948
40968863 208105146
169504184 143838260
243273954 23375688
54581743 37008705
143838260 197090502
408060505 112819301
37008705 14425825
197090502 211670208
226516599 206416476
258490941 339373057
61065794 27772095
112819301 79817691
421412483 58309829
143838260 37008705
25970331 15460081
158526208 63808966
181288376 102364313
226516599 25970331
25970331 230505689
161788974 147946019
61065794 112819301
250849104 34507480
161788974 250849104
25970331 243836182
112819301 181288376
34270956 21146135
169504184 203623462
20271494 22592948
480595611 37008705
325054079 15460081
115525090 34507480
61065794 22592948
54581743 14425825
25970331 169504184
243273954 22440364
102364313 23375688
211670208 325054079
135268094 19153742
40968863 25970331
25970331 181288376
54611487 15460081
302936475 243836182
226516599 58309829
352035443 20271494
143838260 79817691
181288376 301695120
161788974 240944206
211670208 243227325
211670208 421412483
102364313 226516599
250849104 112819301
164422299 14425825
115525090 19383317
211670208 27772095
421412483 169504184
225488317 169504184
301695120 34270956
192023970 16824090
61065794 301695120
211670208 206416476
243227325 301695120
169504184 22440364
244719623 325054079
301695120 22592948
171704225 25970331
161788974 34507480
143838260 243273954
102364313 15460081
250849104 226516599
22440364 34507480
352035443 226516599
143838260 169504184
112819301 14425825
192023970 61065794
25970331 243227325
335678635 250988604
192023970 339373057
58309829 63808966
69373005 102364313
112819301 143838260
164422299 243836182
111990504 23375688
26649453 22440364
225488317 63808966
328158079 309765553
135268094 34270956
143838260 61065794
54611487 27772095
225488317 408060505
421412483 25592034
480595611 421412483
169504184 34507480
169504184 63808966
69373005 22592948
192023970 148081553
211670208 29654458
102364313 109698612
148081553 309765553
161788974 37008705
328158079 148081553
58309829 37008705
112819301 408060505
206416476 164422299
25970331 115525090
181288376 27772095
37008705 15460081
20271494 25970331
19383317 22592948
115525090 25970331
206416476 22440364
112819301 25970331
32032000 19507713
16583672 35918787
20803125 311776211
16079941 7861312
7860742 7861312
32032000 9955652
462541005 20747741
17047105 23559552
20106852 35918787
51246108 20637608
434725454 18927441
18666844 15666380
365014160 21158690
15271920 16786977
373018050 369586333
96747353 16799897
51162310 18130749
317846921 130897520
35918787 15666380
363426409 438460947
363426409 58714972
369586333 19507713
16663695 47799910
31808762 14888584
315338495 352226153
300599613 16909832
167744987 352226153
362286999 7861312
126099878 422066630
191638793 317846921
16038438 390811153
7860742 794186
130897520 7861312
16583672 394216985
373018050 17105214
16038438 15271920
126042901 7384432
95820486 62050341
15343773 7861312
16799897 794186
19049747 16038438
167010482 60101131
299715714 7079062
88501703 18069427
405323682 15343773
20637608 404376053
299715714 16038438
193059216 20747847
7377812 88501703
172959279 126042901
15439395 14824849
110481357 212018296
167010482 15661871
110481357 17092862
224809136 7377812
7377812 223247584
14111650 14589257
7079062 310087940
96747353 20747847
15271920 19507713
18501326 243058696
58714972 14824849
18781900 306472866
344334227 19507713
88501703 14111650
20747741 23559552
7453822 15666380
357268791 7861312
19507713 317846921
306472866 8207762
17105214 308324295
19507713 16909832
16894839 172959279
280725732 26841335
16038438 16218063
467658266 14888584
19507713 191638793
8715652 20747847
116511302 33087222
47799910 40791597
17158189 15439395
7377812 58714972
16038438 18445879
19415126 25495625
4893411 7861312
7081402 143244854
23691649 7079062
337131276 193059216
7081402 15666380
17105214 127569781
17047105 20637608
16218063 20661527
35918787 18927441
32032000 14464369
317846921 14464369
20803125 16038438
14424667 14888584
15643370 22643137
46241448 20106852
17105214 14464369
22857385 16038438
16038438 16150457
7861312 15913
7861312 28521141
223247584 21158690
20637608 344334227
20661527 18602163
32032000 23559552
26841335 95820486
363426409 462541005
43662236 21158690
32032000 40340464
127569781 88501703
357268791 462541005
62050341 351671009
130897520 16909832
10350 15661871
363426409 26841335
22857385 26841335
20637608 14464369
15643370 24591819
394216985 16583672
19507713 243058696
31808762 19049747
88501703 16799897
7453822 344334227
7384432 126042901
59877557 223247584
4893411 179278975
16038438 405323682
16038438 15029953
19507713 62050341
114563370 15575251
18069427 20661527
16583672 7860742
123678437 126042901
16038438 224809136
15271920 8207762
7384432 172959279
20661527 7081402
18849313 14888584
16908436 15439395
18445879 18488495
14424667 18125335
18069427 223247584
19049747 9199472
58714972 40340464
14311802 756379
114563370 15271920
223247584 18069427
62050341 467658266
16909832 18501326
32032000 369586333
59877557 14412605
14311802 352226153
9955652 520027894
15665127 21158690
15643370 1183041
172959279 15758036
19521118 18444530
126099878 130897520
7453822 14412605
26841335 16038438
351671009 15271920
88501703 24591819
7079062 16799897
87759396 17105214
28521141 143244854
7079062 126099878
62050341 28202547
14165096 123678437
4893411 15439395
59877557 51246108
33087222 17047105
7860742 16079941
18444530 14824849
96747353 9199472
351671009 40340464
14412605 1065921
14888584 18849313
306472866 20637608
462541005 33087222
18849313 756379
10350 14311802
127569781 16786977
15343773 19521118
20747847 15665127
18781900 19415126
16909832 28202547
352226153 26841335
32032000 126099878
7377812 362286999
51246108 130897520
20273398 87759396
116511302 422066630
223247584 351671009
62050341 373018050
4893411 17105214
172959279 17105214
19507713 20637608
16626187 18927441
394216985 14589257
19489341 6572452
32032000 43219574
58714972 110481357
16038438 62050341
317846921 20106852
31808762 223247584
16038438 51246108
130897520 308324295
46241448 28521141
299715714 130897520
59877557 130897520
294430454 19507713
18445879 15913
294430454 193059216
19507713 6068612
310087940 7079062
7384432 16799897
114563370 18501326
114563370 28202547
19507713 110481357
51162310 18927441
6572452 19489341
126099878 20106852
193059216 87759396
14326003 19489341
59877557 243058696
126099878 193059216
179278975 28521141
172959279 1065921
7079062 31067157
14165096 14464369
394216985 179278975
311776211 20803125
59877557 769584
33035636 121637129
126099878 7079062
16909832 15665127
127569781 14412605
191638793 95820486
16894839 88501703
363426409 40340464
17047105 365014160
15758036 9955652
31808762 33087222
28521141 16908436
34455805 16079941
15758036 10350
363426409 87759396
26841335 15665127
191638793 422066630
15343773 121637129
317846921 468094034
126099878 32032000
88501703 14589257
20747741 438460947
7453822 17105214
130897520 315338495
14165096 20747847
19415126 116511302
23831909 20747741
20273398 14303746
126099878 14165096
21076522 14464369
110481357 311776211
756379 14303746
438460947 26841335
16894839 16956955
28202547 8207762
344334227 116511302
17105214 15666380
31808762 14464369
126099878 18501326
62050341 358553967
116511302 43219574
15575251 15913
422066630 369586333
16909832 130897520
16908436 362286999
14888584 18666844
20747741 31067157
16038438 274149738
50557241 362286999
116511302 32032000
405323682 294430454
126042901 14303746
20637608 15661871
17105214 16908436
308324295 333709376
363426409 422066630
315338495 369586333
33087222 116511302
4893411 66561957
7377812 10350
1065921 22857385
130897520 87759396
127569781 1065921
43662236 130897520
17105214 7860742
7377812 7453822
16098603 18445879
14111650 51162310
315338495 404376053
18445879 48370736
62050341 20273398
20747741 352226153
20637608 32032000
20747847 20747741
363426409 306472866
16956955 121637129
33087222 16038438
19049747 16098603
19415126 344334227
179278975 7081402
14311802 14589257
172959279 7861312
358553967 373018050
16909832 7861312
18130749 17105214
48370736 18927441
187366802 19521118
123678437 14424667
310087940 17092862
127569781 390811153
16894839 34170312
283306509 16583672
16909832 351671009
16038438 22643137
33087222 59877557
5980142 15863699
369586333 294430454
127569781 20661527
96747353 18444530
10350 143244854
16894839 28521141
114563370 31067157
17759701 16583672
32032000 7861312
167010482 1183041
299715714 462541005
16218063 172959279
15343773 18444530
32032000 294430454
4893411 16908436
35918787 16786977
95820486 19507713
7861312 20747741
14888584 14412605
23831909 20747847
224809136 7860742
14311802 21158690
756379 15575251
223247584 16038438
18445879 88501703
358553967 26841335
20273398 1065921
14050306 1183041
1065921 87759396
15758036 7081402
212018296 14303746
794186 16799897
23742474 16536215
31067157 17047105
20273398 15913
172959279 167010482
15666380 16583672
17105214 18130749
438460947 28202547
1065921 20661527
20637608 28202547
21076522 16038438
51162310 394216985
18819743 7861312
769584 7861312
10350 127569781
59877557 337131276
20803125 110481357
337131276 43662236
15758036 308324295
88501703 7377812
18501326 16038438
395395198 16038438
438460947 14464369
16098603 18666844
58714972 15913
18069427 1065921
7377812 20661527
19521118 187366802
358553967 357268791
32032000 43662236
14111650 16583672
20015787 394216985
274149738 308324295
88501703 681813
22857385 56768257
40791597 47799910
114563370 16038438
7081402 126042901
28202547 130897520
17092862 395395198
40340464 33087222
121637129 333709376
19049747 18444530
394216985 390811153
14165096 15271920
315338495 20637608
143244854 60101131
365014160 357268791
19415126 23559552
25495625 212018296
51246108 16038438
756379 294430454
15359658 24591819
20661527 1065921
7377812 7861312
87759396 20747847
14165096 20747741
7861312 50557241
32032000 422066630
116511302 405323682
31067157 15575251
315338495 87759396
363426409 16909832
33087222 130897520
20747741 43219574
31808762 62050341
363426409 41262929
756379 15913
123678437 34170312
223247584 333709376
167010482 404376053
311776211 25495625
15758036 1065921
243058696 300599613
15343773 28521141
28521141 51162310
114563370 311776211
308324295 294430454
357268791 438460947
18781900 300599613
20637608 15913
315338495 16218063
18501326 294430454
126099878 20637608
19489341 20661527
16038438 19507713
167010482 123678437
33035636 19521118
7860742 172959279
405323682 434725454
299715714 294430454
365014160 363426409
28521141 179278975
24591819 308324295
333709376 20747847
5980142 6572452
62050341 352226153
18501326 333709376
224809136 28521141
16038438 394216985
17047105 193059216
358553967 9955652
19507713 18927441
172959279 14303746
126099878 15665127
243058696 294430454
20747847 352226153
20803125 58714972
187366802 7861312
114563370 110481357
20273398 10350
358553967 40340464
21076522 390811153
223247584 26841335
18927441 35918787
6068612 1183041
16038438 344334227
363426409 243058696
520809979 17047105
794186 7377812
20637608 520809979
280725732 172959279
18445879 130897520
50557241 20661527
438460947 16038438
31808762 25495625
7377812 20747741
7079062 769584
127569781 14464369
352226153 19507713
20015787 14165096
16038438 20747847
16909832 62050341
5980142 224809136
299715714 116511302
130897520 422066630
19049747 1065921
358553967 28202547
31067157 1183041
467658266 243058696
62050341 40340464
7081402 7453822
15359658 172959279
127569781 179278975
794186 18959811
25495625 17092862
520809979 243058696
18849313 15575251
18781900 87759396
127569781 60101131
127569781 20273398
110481357 14165096
22857385 462541005
130897520 404376053
59877557 363426409
31808762 16038438
114563370 6068612
43662236 274149738
127569781 14424667
130897520 467658266
7860742 14303746
20273398 28202547
14311802 28202547
18849313 15913
16909832 16079941
19507713 315338495
16894839 7860742
95820486 358553967
306472866 20273398
299715714 438460947
121637129 18444530
26841335 22857385
96747353 15758036
21076522 15439395
40340464 21158690
7453822 7861312
95820486 21158690
22857385 365014160
58714972 311776211
17759701 15913
23559552 16079941
20637608 14165096
110481357 16038438
51246108 363426409
434725454 337131276
20637608 17047105
172959279 15666380
32032000 130897520
17047105 32032000
20273398 55656369
59877557 16038438
337131276 21158690
7453822 31067157
280725732 308324295
363426409 20747741
125540746 7081402
17047105 114563370
16038438 87759396
22857385 167010482
16799897 7079062
59877557 300599613
20803125 21158690
352226153 58714972
32032000 351671009
365014160 16038438
62050341 363426409
15643370 16150457
23559552 19415126
363426409 294430454
126042901 21158690
58714972 15575251
20803125 143244854
3462421 344334227
56768257 16894839
369586333 193059216
48370736 28202547
7860742 7081402
10350 15643370
43662236 10350
15271920 21158690
299715714 404376053
88501703 18488495
126099878 87759396
14311802 130897520
15758036 3462421
243058696 20637608
7377812 7081402
16150457 50557241
18849313 18927441
7079062 212018296
311776211 110481357
31808762 18666844
310087940 14303746
17047105 306472866
48370736 16786977
17092862 310087940
43662236 363426409
363426409 3462421
19507713 43275782
56768257 34170312
127569781 6572452
16038438 308324295
31808762 351671009
88501703 19049747
22857385 96747353
7860742 16799897
43662236 62050341
26841335 18819743
15758036 405323682
18819743 20747847
280725732 18709570
18819743 405323682
310087940 20747847
1183041 362286999
365014160 26841335
363426409 33087222
15343773 10350
127569781 46241448
1065921 14888584
50557241 16786977
7079062 18819743
59877557 193059216
23559552 33087222
7861312 363426409
16908436 20106852
310087940 294430454
14311802 405323682
31808762 18445879
125540746 1183041
365014160 358553967
88501703 127569781
20637608 8207762
60101131 1183041
14311802 23831909
34455805 15913
87759396 352226153
300599613 28202547
19049747 66561957
116511302 243058696
17105214 20747847
193059216 294430454
40340464 352226153
308324295 351671009
16583999 7861312
167552021 191638793
123678437 20661527
31808762 422066630
358553967 16909832
520809979 193059216
130897520 306472866
24591819 66561957
19521118 16038438
95820486 467658266
16079941 21158690
46241448 15575251
18069427 16098603
88501703 58714972
15758036 172959279
7453822 21158690
223247584 16626187
33087222 369586333
337131276 308324295
50557241 16150457
15666380 16894839
58714972 306472866
96747353 20273398
33035636 66561957
17105214 22643137
223247584 15913
14311802 16908436
6068612 15913
223247584 32032000
358553967 308324295
17047105 15666380
16894839 143244854
17047105 274149738
438460947 20747741
16894839 20661527
51162310 224809136
22924257 14824849
26841335 363426409
20273398 16799897
20803125 130897520
14589257 16079941
7377812 20747847
9199472 26841335
1065921 96747353
15575251 55656369
243058696 18501326
357268791 33087222
88501703 15575251
520809979 16038438
9199472 3462421
20273398 756379
7860742 15575251
243058696 344334227
16626187 23831909
130897520 369586333
422066630 363426409
224809136 121637129
794186 19507713
20637608 7079062
462541005 365014160
95820486 333709376
299715714 19507713
16583999 48370736
15643370 333709376
32032000 41262929
212018296 126042901
462541005 422066630
224809136 172959279
17047105 62050341
16038438 21076522
9199472 7861312
46241448 16786977
352226153 25495625
17158189 14111650
16536215 31892440
467658266 20747741
20803125 317846921
333709376 16786977
143244854 28521141
16894839 19049747
33087222 14464369
405323682 1183041
300599613 363426409
467658266 8207762
18666844 294430454
20747847 16218063
8207762 1183041
19521118 17158189
17047105 26841335
62050341 422066630
300599613 15665127
16079941 18849313
16799897 10350
46241448 5980142
22857385 130897520
32032000 344334227
143244854 10350
28202547 62050341
130897520 15913
363426409 16038438
17047105 40340464
8207762 351671009
26841335 9955652
20803125 28202547
20747847 87759396
363426409 15575251
422066630 193059216
32032000 299715714
299715714 179278975
15661871 60101131
7377812 55656369
19415126 243058696
26841335 9199472
59877557 405323682
62050341 357268791
351671009 43662236
224809136 179278975
294430454 17047105
51162310 20661527
15439395 6572452
16909832 352226153
22857385 7861312
333709376 434725454
18709570 31067157
16909832 756379
43662236 32032000
16038438 16583672
333709376 405323682
26841335 15758036
1065921 17759701
10350 16894839
75193883 20747847
15665127 17047105
193059216 315338495
31067157 6068612
127569781 123678437
352226153 20637608
114563370 130897520
3462421 15913
110481357 15271920
87759396 306472866
16894839 362286999
365014160 167010482
75193883 21158690
280725732 7079062
317846921 294430454
130897520 193059216
373018050 404376053
14111650 1183041
126099878 404376053
10350 7861312
31067157 18959811
224809136 18130749
21076522 15643370
114563370 315338495
20273398 18927441
127569781 14589257
20747741 7861312
18501326 7079062
58714972 405323682
317846921 20747741
14424667 7377812
294430454 20747847
16038438 18927441
9199472 422066630
31067157 769584
520809979 363426409
47799910 14326533
55656369 14464369
110481357 468094034
143244854 18130749
19049747 16583999
16908436 7861312
126099878 18927441
462541005 43219574
18666844 20273398
18666844 14326533
16908436 7453822
14111650 14303746
280725732 405323682
31067157 243058696
315338495 43662236
16079941 10350
18666844 681813
121637129 434725454
23390284 28521141
62050341 8207762
16909832 405323682
18501326 306472866
16038438 7081402
88501703 16908436
16799897 14165096
315338495 357268791
43662236 8207762
300599613 21158690
1065921 14111650
43662236 17105214
18488495 7861312
51162310 10350
462541005 438460947
127569781 1183041
15271920 362286999
9955652 20747847
22857385 15758036
96747353 18927441
299715714 28202547
15439395 14424667
17047105 344334227
315338495 344334227
16894839 14165096
143244854 15666380
14424667 23559552
116511302 21158690
14424667 16038438
16038438 16908436
15271920 28202547
1065921 56768257
16894839 7453822
17865810 96747353
18501326 10350
224809136 20661527
172959279 24591819
357268791 369586333
1065921 59877557
243058696 14589257
127569781 14111650
299715714 62050341
22857385 7079062
9955652 40340464
14589257 18927441
40340464 405323682
20661527 51162310
212018296 310087940
31808762 43219574
88501703 18666844
110481357 14303746
167744987 5980142
294430454 16038438
16583999 1183041
358553967 172959279
16038438 14326533
21158690 16908436
19049747 20747847
369586333 363426409
23390284 15343773
14424667 20661527
59877557 21158690
20637608 15665127
59877557 351671009
62050341 43662236
58714972 16079941
332375645 337131276
224809136 34170312
62050341 193059216
191638793 300599613
317846921 311776211
299715714 520027894
4893411 50557241
14111650 15343773
1065921 18849313
363426409 681813
308324295 300599613
223247584 8207762
40340464 462541005
17759701 18069427
17047105 243058696
167010482 62050341
28521141 7081402
20661527 16079941
351671009 337131276
16894839 10350
18445879 14589257
14165096 8207762
317846921 333709376
88501703 16626187
172959279 22924257
311776211 223247584
422066630 41262929
7081402 14111650
352226153 308324295
224809136 16150457
1065921 280725732
467658266 306472866
25495625 14165096
283306509 21158690
16098603 14412605
300599613 43662236
60101131 7081402
32032000 20747741
283306509 51162310
75193883 333709376
358553967 369586333
16799897 15913
7860742 60101131
19521118 15643370
96747353 17865810
21158690 22857385
223247584 306472866
95820486 404376053
274149738 422066630
14311802 16038438
19415126 32032000
14326533 14050306
16799897 14464369
35918787 14589257
191638793 167552021
95820486 43219574
127569781 16894839
22643137 362286999
17158189 7861312
294430454 333709376
127569781 10350
18819743 26841335
26841335 167010482
96747353 7861312
19415126 62050341
20273398 7385102
21076522 32032000
18069427 7860742
17092862 7861312
114563370 48370736
126042901 315338495
462541005 7861312
172959279 18130749
15575251 14303746
19415126 438460947
15665127 62050341
310087940 1183041
31808762 7377812
224809136 46241448
8207762 7861312
299715714 306472866
16909832 43662236
20637608 35918787
59877557 75193883
17047105 28202547
32032000 373018050
337131276 16038438
299715714 351671009
43662236 357268791
18819743 7079062
172959279 7453822
87759396 8207762
358553967 14464369
16038438 404376053
31067157 7453822
126099878 333709376
22857385 21158690
31067157 66561957
294430454 15575251
31067157 18709570
468094034 14464369
31067157 31808762
95820486 26841335
114563370 352226153
16038438 17047105
22643137 7081402
16909832 18445879
1065921 15643370
6068612 16799897
16218063 43219574
167010482 7453822
18927441 16098603
16909832 467658266
15343773 7081402
43115008 46241448
19049747 18130749
14888584 7377812
16909832 193059216
21076522 46241448
31067157 87759396
20637608 59877557
310087940 315338495
21076522 14303746
14589257 66561957
18501326 14589257
422066630 43219574
299715714 308324295
31808762 16079941
16038438 16894839
48370736 10350
33087222 438460947
4893411 16786977
16098603 14424667
20803125 14589257
15665127 520809979
315338495 18501326
15666380 14111650
88501703 10350
317846921 14589257
95820486 32032000
438460947 274149738
462541005 344334227
51162310 16038438
28202547 308324295
434725454 14589257
33087222 308324295
20273398 18709570
116511302 299715714
95820486 191638793
14050306 14303746
21076522 14326533
59877557 308324295
18445879 28202547
23831909 15913
126042901 1183041
19415126 20747847
14311802 404376053
6572452 127569781
58714972 31808762
9199472 362286999
55656369 14303746
50557241 7453822
9199472 31808762
17092862 1183041
16098603 15665127
20637608 294430454
22857385 769584
127569781 15661871
794186 26841335
48370736 14464369
306472866 315338495
172959279 123678437
126099878 462541005
299715714 20747741
114563370 62050341
16894839 17105214
18709570 18501326
58714972 7861312
16098603 28202547
7377812 1065921
15343773 15661871
224809136 14424667
434725454 1183041
88501703 362286999
306472866 294430454
19507713 358553967
114563370 87759396
337131276 332375645
16909832 15913
62050341 18781900
43662236 16909832
16038438 110481357
14424667 15271920
311776211 58714972
7081402 14165096
357268791 20637608
16583672 179278975
6572452 7081402
28521141 362286999
20273398 14165096
31808762 16799897
357268791 28202547
18927441 16909832
4893411 7081402
31808762 300599613
20661527 167010482
59877557 344334227
14165096 16038438
18501326 14824849
127569781 224809136
31808762 306472866
20637608 33087222
191638793 19507713
15665127 17092862
25495625 1183041
7453822 14165096
14326533 55656369
14424667 15643370
15643370 15343773
130897520 20747847
17047105 1183041
422066630 62050341
7453822 143244854
87759396 333709376
18445879 15575251
167744987 193059216
15575251 14464369
16038438 10350
9199472 126042901
14050306 16799897
308324295 7861312
16038438 520809979
15271920 16038438
17759701 280725732
224809136 14326533
17105214 362286999
59877557 43662236
19049747 681813
294430454 58714972
7377812 31808762
46241448 15439395
15758036 363426409
43662236 16038438
395395198 7079062
15758036 404376053
50557241 14824849
16038438 21158690
23559552 18849313
299715714 405323682
33087222 193059216
333709376 121637129
18445879 16909832
7081402 16908436
422066630 520027894
16038438 18781900
24591819 15343773
7860742 21158690
130897520 18501326
33087222 299715714
15665127 26841335
20015787 14311802
14424667 126042901
224809136 17105214
59877557 332375645
18819743 130897520
16038438 254792310
31067157 28202547
34455805 15666380
16079941 16908436
317846921 16786977
19521118 333709376
17047105 422066630
10350 16038438
14165096 294430454
24591819 405323682
300599613 87759396
130897520 14589257
15643370 10350
8207762 16038438
14589257 20747741
15758036 332375645
358553967 344334227
373018050 332375645
756379 48370736
167010482 32032000
280725732 10350
20637608 369586333
89728799 21158690
20273398 7861312
18666844 15575251
434725454 333709376
358553967 422066630
363426409 17047105
7081402 7861312
7377812 18069427
794186 16038438
22643137 16908436
8207762 14303746
14111650 4893411
62050341 15665127
16098603 7377812
130897520 20803125
18488495 20747847
16079941 16038438
35918787 18709570
520809979 274149738
22857385 681813
7079062 794186
17759701 1065921
55656369 14326533
126099878 405323682
280725732 126042901
333709376 19521118
20637608 18709570
351671009 358553967
51246108 308324295
358553967 1183041
8207762 306472866
40340464 344334227
300599613 243058696
114563370 43219574
26841335 18444530
283306509 21076522
7860742 7453822
1065921 7860742
16038438 31067157
18445879 14888584
306472866 243058696
520809979 62050341
16079941 16626187
51162310 15661871
127569781 15666380
31808762 28202547
7377812 21158690
167010482 20747847
20661527 16150457
33087222 32032000
299715714 352226153
14144060 9199472
127569781 23390284
351671009 20747741
25495625 14464369
31067157 14326533
7377812 15666380
16038438 15913
8207762 28202547
18125335 15661871
434725454 121637129
130897520 16038438
14311802 179278975
17105214 19049747
20637608 15575251
7377812 14165096
351671009 405323682
357268791 20747741
101496725 14326003
311776211 14165096
24591819 405056781
143244854 16583672
50557241 55656369
40340464 41262929
20661527 20273398
20273398 14464369
58714972 16038438
18781900 15575251
31067157 7079062
20637608 357268791
212018296 88501703
15665127 369586333
274149738 20747847
15643370 121637129
294430454 130897520
31892440 16536215
15343773 15666380
1065921 10350
7377812 224809136
50557241 1183041
299715714 18444530
31808762 18709570
193059216 369586333
88501703 14824849
18849313 23559552
15271920 468094034
16583672 7081402
96747353 15913
16799897 1065921
20637608 18501326
31808762 7079062
172959279 7081402
19507713 308324295
280725732 7081402
520809979 306472866
127569781 18819743
18666844 14412605
18444530 333709376
32032000 404376053
16038438 41262929
126099878 369586333
224809136 7384432
127569781 21308602
40340464 28202547
20273398 96747353
167010482 7081402
31808762 14589257
15343773 1183041
10350 405056781
16799897 18709570
31808762 7860742
9955652 16786977
26841335 358553967
16626187 88501703
224809136 1065921
16894839 15343773
88501703 22643137
31808762 8207762
28521141 15666380
373018050 337131276
123678437 179278975
15758036 22857385
18709570 16098603
130897520 243058696
14165096 130897520
17092862 7079062
22857385 19415126
35918787 16583672
19507713 26841335
22857385 18819743
358553967 14303746
130897520 14303746
223247584 130897520
16079941 179278975
16038438 306472866
358553967 351671009
191638793 14303746
15913 10350
7860742 15661871
520809979 32032000
224809136 18445879
33087222 43219574
16038438 337131276
172959279 1183041
16218063 16786977
95820486 306472866
19415126 369586333
31808762 352226153
351671009 422066630
16626187 123678437
88501703 333709376
58714972 130897520
283306509 18666844
20803125 16626187
352226153 8207762
19489341 14326003
15643370 14824849
9199472 34170312
358553967 363426409
18501326 130897520
114563370 274149738
16038438 16786977
127569781 20747741
14311802 308324295
16909832 315338495
95820486 438460947
60101131 15661871
315338495 14464369
9955652 26841335
15666380 46241448
19507713 41262929
16098603 14111650
395395198 212018296
20661527 17794560
16038438 15343773
20106852 16908436
7081402 46241448
520809979 130897520
223247584 114563370
333709376 337131276
352226153 20747847
28521141 16583672
21158690 352226153
363426409 62050341
51246108 352226153
23691649 14464369
25495625 21158690
20637608 16038438
126042901 405323682
43662236 20747741
18666844 15661871
43662236 404376053
20661527 14165096
15665127 300599613
50557241 10350
16079941 19049747
756379 1183041
87759396 20273398
283306509 280725732
123678437 14165096
16038438 167744987
283306509 308324295
191638793 17105214
14424667 21158690
14424667 16098603
363426409 358553967
352226153 15665127
31067157 7377812
14888584 18445879
50557241 20106852
48370736 16038438
422066630 438460947
306472866 20747741
18444530 15643370
46241448 15643370
299715714 467658266
130897520 337131276
14464369 14303746
358553967 17047105
20661527 15666380
32032000 462541005
15575251 88501703
20637608 274149738
769584 26841335
16038438 14311802
95820486 373018050
31067157 434725454
15666380 16038438
31067157 32032000
15758036 1183041
358553967 95820486
16218063 315338495
9955652 116511302
31067157 22857385
15758036 16038438
16894839 18130749
167010482 15758036
127569781 16038438
43662236 308324295
22924257 43115008
19507713 51246108
16894839 46241448
299715714 58714972
373018050 405323682
16909832 243058696
18927441 21158690
35918787 123678437
794186 20661527
191638793 35918787
48370736 15665127
33087222 16799897
54298095 16908436
352226153 40340464
1065921 769584
31808762 756379
17759701 10350
17759701 7861312
16150457 15439395
20637608 18666844
167010482 300599613
14165096 20015787
14589257 28202547
167744987 14824849
51162310 127569781
18849313 14589257
